[[ 9.81644344e+00 -9.60790157e+00]
 [-1.28729544e+01 -1.77936916e+01]
 [ 5.63468266e+00  1.57612562e+01]
 [ 1.78745346e+01  4.12973356e+00]
 [ 5.15056896e+00 -2.43386269e+01]
 [-7.90246487e+00  2.10630951e+01]
 [ 4.77286291e+00  4.52856600e-01]
 [ 1.24414339e+01  1.36014471e+01]
 [-2.26525521e+00  2.07737331e+01]
 [-5.31387234e+00  1.46005802e+01]
 [-1.90492213e+00 -2.01398106e+01]
 [ 1.23037081e+01 -2.14254618e+00]
 [-4.11336708e+00  5.59101391e+00]
 [-6.93746185e+00  1.01888084e+01]
 [ 7.80193377e+00 -2.28434238e+01]
 [ 3.70965242e-01  1.53717241e+01]
 [ 8.49468899e+00 -4.67960548e+00]
 [ 1.71596289e+00 -1.03536797e+01]
 [-6.50460196e+00  1.59484882e+01]
 [-6.69106007e+00 -7.66258097e+00]
 [-3.49557567e+00  8.51510620e+00]
 [ 1.87081470e+01  9.18727207e+00]
 [-1.01120579e+00  8.11602497e+00]
 [-4.12284076e-01 -2.51747913e+01]
 [ 2.31643963e+01  3.11084181e-01]
 [-8.46888542e+00 -1.22545929e+01]
 [-5.59305334e+00  6.03951454e+00]
 [-5.89260769e+00 -1.66890888e+01]
 [-1.64176884e+01 -7.73387527e+00]
 [-2.00408533e-01 -4.77365303e+00]
 [ 8.80783349e-02 -1.45899982e+01]
 [-1.65731430e+01  1.83327351e+01]
 [ 5.61044502e+00 -1.67139568e+01]
 [-9.36264515e+00  1.74685040e+01]
 [ 3.44076824e+00  5.15446568e+00]
 [-1.60084114e+01  1.87588921e+01]
 [-2.39092541e+00  2.77531681e+01]
 [-7.17326307e+00  1.04277573e+01]
 [-1.61064160e+00  2.05428047e+01]
 [ 7.95623875e+00 -2.62631941e+00]
 [-5.70917606e-01  6.65493059e+00]
 [-4.21770239e+00 -1.87038002e+01]
 [ 3.54411674e+00  1.73218479e+01]
 [ 6.43041790e-01 -1.43513527e+01]
 [-1.12927475e+01  1.03075588e+00]
 [-1.47682457e+01  1.69162521e+01]
 [-7.09976244e+00 -1.29771585e+01]
 [ 6.63396978e+00 -1.32044210e+01]
 [ 4.03191090e+00 -7.01408768e+00]
 [-1.30996084e+01  7.39171457e+00]
 [-2.08460361e-01 -1.37096586e+01]
 [-1.15063715e+01 -1.72007122e+01]
 [-9.60317230e+00 -1.47333250e+01]
 [-1.85764923e+01  1.75258026e+01]
 [ 1.71516018e+01  1.47795868e+01]
 [-3.29164982e+00  1.00662289e+01]
 [-1.36158819e+01 -7.20752668e+00]
 [ 5.08373022e+00 -2.23732471e+01]
 [ 1.43029432e+01 -7.69571400e+00]
 [-6.78066492e+00 -1.72094364e+01]
 [-1.74813480e+01 -4.05826426e+00]
 [ 2.91764474e+00  1.18844643e+01]
 [ 4.91391087e+00  4.98052454e+00]
 [ 6.84619904e+00  7.64597797e+00]
 [ 8.77342987e+00  1.14133587e+01]
 [-1.99588509e+01  1.26913118e+01]
 [-1.68341217e+01 -4.43343592e+00]
 [-6.43616104e+00  5.27762651e-01]
 [-1.37801800e+01  1.90166225e+01]
 [-2.35452199e+00  1.24675817e+01]
 [ 3.36788368e+00  3.64750624e+00]
 [ 1.03143334e+00 -2.13707232e+00]
 [-1.60634174e+01  1.23621311e+01]
 [-1.18673801e+01 -1.09347706e+01]
 [ 1.33924980e+01 -8.75158215e+00]
 [ 5.39590693e+00  1.68201218e+01]
 [-1.56005220e+01 -1.26247301e+01]
 [ 1.82090073e+01 -1.90584493e+00]
 [ 1.25884256e+01 -1.14222133e+00]
 [ 1.79612122e+01 -8.15985107e+00]
 [-2.03256559e+00  8.60148525e+00]
 [-3.51976013e+00 -1.52625484e+01]
 [ 7.06146336e+00 -1.06959124e+01]
 [ 1.09243488e+01  8.74327660e+00]
 [-1.55897439e+00 -9.37235832e+00]
 [ 5.97025394e+00 -1.27835665e+01]
 [-1.38264332e+01  1.48694801e+01]
 [-4.21644831e+00 -1.50777388e+01]
 [ 4.72974777e+00  2.32899494e+01]
 [ 8.65348053e+00 -6.12555385e-01]
 [ 8.17292976e+00  1.17959023e+01]
 [-2.49740887e+00 -1.74541988e+01]
 [-1.06631327e+01 -5.65457773e+00]
 [-6.30719233e+00 -6.62721443e+00]
 [ 1.57788503e+00  2.41668682e+01]
 [ 6.08974981e+00  2.53064137e+01]
 [-1.27530355e+01 -1.61280174e+01]
 [ 4.91650969e-01  1.54118624e+01]
 [-3.54654408e+00 -1.84992294e+01]
 [-1.47197351e+01 -1.38725901e+01]
 [ 6.75983143e+00  2.95803428e+00]
 [-9.45320892e+00 -5.19844627e+00]
 [-1.26118975e+01  1.54293261e+01]
 [ 8.41370964e+00  1.62294941e+01]
 [ 1.22214327e+01 -1.76675777e+01]
 [-7.30393076e+00 -4.31547451e+00]
 [ 1.13511629e+01 -1.73491478e+01]
 [-1.95176773e+01 -1.87359238e+00]
 [-1.83867531e+01  8.76687527e+00]
 [-6.00131989e+00  3.50936627e+00]
 [-4.66366577e+00 -1.19174337e+01]
 [ 1.80948849e+01  1.39983330e+01]
 [-7.91111612e+00 -2.48347804e-01]
 [ 4.99468517e+00  9.82458687e+00]
 [ 6.71215200e+00  1.42467690e+01]
 [ 8.96114349e+00 -7.66880131e+00]
 [ 1.43051548e+01  1.06272974e+01]
 [-9.83778000e+00 -1.02491510e+00]
 [-1.06757765e+01  1.67677975e+01]
 [ 2.96390629e+00  1.84112968e+01]
 [-6.91032982e+00  6.48030043e+00]
 [ 1.31644926e+01  1.24431877e+01]
 [-1.45490086e+00 -2.05082474e+01]
 [ 1.96934338e+01  1.08344383e+01]
 [ 4.48047161e+00  8.06424141e+00]
 [ 1.09506603e-02 -2.43805904e+01]
 [-8.76129436e+00  4.50067329e+00]
 [ 5.61004114e+00  2.26562157e+01]
 [-1.05258083e+01  7.48128796e+00]
 [ 9.60718918e+00 -1.55381870e+01]
 [ 2.60297847e+00 -2.37364368e+01]
 [-2.01673865e+00 -1.04103394e+01]
 [-5.50547981e+00 -2.81950593e+00]
 [-1.19607592e+01  1.89027843e+01]
 [ 9.89458275e+00  2.25877647e+01]
 [ 1.03573189e+01  1.32431669e+01]
 [ 1.44595528e+00  1.63506031e+01]
 [ 1.43279111e+00 -3.52111387e+00]
 [ 1.07565641e+00  9.74800873e+00]
 [-1.86097946e+01  7.53484249e+00]
 [-9.80749607e+00  2.93577003e+00]
 [-1.70167809e+01 -1.12214365e+01]
 [-9.07616997e+00  2.24548302e+01]
 [ 3.35313416e+00 -1.04702454e+01]
 [-6.81427908e+00  2.00641212e+01]
 [-1.70216293e+01 -9.98771858e+00]
 [-4.59438801e+00 -1.22653275e+01]
 [-4.01414728e+00  6.47406220e-01]
 [ 1.41122580e+01 -6.55218124e+00]
 [ 1.78973217e+01 -2.63589692e+00]
 [ 8.78934085e-01 -6.15246916e+00]
 [-2.15830421e+00 -4.49638128e+00]
 [-9.96529675e+00 -5.62143505e-01]
 [ 1.71906929e+01 -4.49986935e+00]
 [ 1.44200726e+01  1.63668289e+01]
 [ 5.95456982e+00 -6.07419348e+00]
 [-1.19531393e+00 -6.27179241e+00]
 [-6.23056316e+00  1.93317966e+01]
 [ 5.32191277e+00 -1.02162161e+01]
 [ 8.82848549e+00 -2.11111870e+01]
 [-1.37560883e+01 -7.60504603e-01]
 [-3.80613446e+00 -8.33093643e+00]
 [ 8.84987450e+00  1.70321255e+01]
 [-1.14249907e+01  1.51170349e+01]
 [-1.93219433e+01 -1.74282566e-01]
 [-3.32341850e-01 -6.57613564e+00]
 [ 1.16883249e+01 -1.20734243e+01]
 [ 5.31119633e+00 -2.34930744e+01]
 [ 4.06636298e-01 -1.97366333e+01]
 [ 1.98956318e+01  6.87238264e+00]
 [ 1.74525280e+01  1.37494268e+01]
 [ 2.12400494e+01  1.15366964e+01]
 [ 2.54244900e+00 -1.08795013e+01]
 [ 1.69301567e+01  1.05374689e+01]
 [ 7.54253101e+00  6.88977909e+00]
 [ 1.34930210e+01  1.75814266e+01]
 [-1.68886585e+01  5.77727842e+00]
 [-3.69841552e+00  1.58645306e+01]
 [-1.36136408e+01  1.37554903e+01]
 [-1.04957447e+01  7.48469257e+00]
 [-2.10441399e+00 -1.45727086e+00]
 [ 3.26006293e+00 -1.57954817e+01]
 [ 1.79413557e+00  8.12081337e+00]
 [-1.37533293e+01 -6.16698503e+00]
 [ 1.74115982e+01 -3.77547526e+00]
 [ 6.20292568e+00  2.10360050e+01]
 [ 2.31635208e+01  3.02118599e-01]
 [-6.95038033e+00 -5.33138323e+00]
 [-1.23166246e+01  1.36293392e+01]
 [ 3.72912621e+00  1.86750050e+01]
 [ 1.04844551e+01  3.29010457e-01]
 [ 1.70886478e+01  1.08590727e+01]
 [-3.06744456e+00 -6.14329672e+00]
 [ 1.29997568e+01  2.32516694e+00]
 [ 6.61089373e+00 -1.88750401e+01]
 [-1.42471094e+01  9.95168567e-01]
 [-8.67552757e+00  5.54507852e-01]
 [ 2.28814459e+00  1.74398499e+01]
 [-1.24342737e+01  1.64960995e+01]
 [ 3.85422564e+00 -8.08715820e+00]
 [ 6.54461741e-01  1.40414734e+01]
 [ 3.55376720e+00  1.23496695e+01]
 [ 8.78044415e+00 -9.23601532e+00]
 [-1.86071949e+01  6.52236223e+00]
 [-2.09838629e+00 -1.42637229e+00]
 [ 8.32795238e+00 -4.65098858e+00]
 [ 1.76942310e+01  2.99579310e+00]
 [ 1.01251822e+01  7.91535568e+00]
 [ 1.55509841e+00  1.08415413e+01]
 [-9.37222958e+00 -1.02252846e+01]
 [ 1.28095732e+01  5.50272417e+00]
 [ 3.50800800e+00 -3.74056745e+00]
 [-1.52692099e+01 -5.03608751e+00]
 [-1.78028297e+01  2.25571871e+00]
 [ 1.55697002e+01  1.54045553e+01]
 [ 1.40386367e+00 -2.42141647e+01]
 [-1.48932657e+01 -8.87477303e+00]
 [ 1.60755962e-01  2.88589430e+00]
 [ 1.54947929e+01  8.36402893e+00]
 [-5.80809975e+00 -1.93676949e+01]
 [-1.21164598e+01  1.67084579e+01]
 [ 2.59971857e-01  8.61441493e-01]
 [ 4.96992350e+00 -1.97576447e+01]
 [ 2.87015462e+00 -2.07386761e+01]
 [-4.03148460e+00 -2.14845295e+01]
 [-1.76397476e+01 -8.53761292e+00]
 [ 1.80465660e+01  1.63607922e+01]
 [-1.46186771e+01  3.81672525e+00]
 [-9.56190205e+00  1.25336313e+01]
 [ 1.93247108e+01  6.49552441e+00]
 [-3.96300697e+00 -8.50728416e+00]
 [ 1.19434967e+01 -3.05663133e+00]
 [-1.76902294e+01  1.77151031e+01]
 [ 2.81123543e+00  4.39869881e+00]
 [-1.45027895e+01 -1.47115021e+01]
 [-1.91831532e+01  6.54496098e+00]
 [ 8.41840076e+00 -1.96396904e+01]
 [ 3.90965438e+00  1.49604092e+01]
 [-9.03149033e+00 -1.70503368e+01]
 [ 1.46066656e+01  6.72434235e+00]
 [-1.63023872e+01  1.53410807e+01]
 [-6.40492010e+00 -1.04832449e+01]
 [-2.35023880e+00  5.27246523e+00]
 [ 1.85354023e+01  5.71665716e+00]
 [-5.56514931e+00 -2.83259535e+00]
 [-1.04810104e+01 -1.14519854e+01]
 [ 1.04098244e+01  9.57215500e+00]
 [-1.01672182e+01  3.15274644e+00]
 [ 5.44304228e+00 -6.93144703e+00]
 [ 3.13857865e+00 -2.04034495e+00]
 [-9.62829113e+00 -1.08066320e+01]
 [-4.51488638e+00  8.62530804e+00]
 [-1.28657827e+01  1.83546906e+01]
 [-1.12221098e+01 -1.52030773e+01]
 [ 8.06773949e+00 -2.41878548e+01]
 [ 6.09767914e+00 -1.94745960e+01]
 [ 3.78736043e+00 -4.60167980e+00]
 [ 8.17535305e+00  2.36382446e+01]
 [-3.21377563e+00  4.12341213e+00]
 [ 1.75189829e+00 -6.67536688e+00]
 [ 5.60303116e+00 -1.56946516e+01]
 [-1.58550358e+01  1.91790140e+00]
 [ 6.15699339e+00 -2.35436897e+01]
 [ 1.16051559e+01  5.71251583e+00]
 [ 1.98549700e+00  2.69601326e+01]
 [-2.50371957e+00 -1.60464993e+01]
 [-2.87928057e+00 -1.13436184e+01]
 [ 8.64805603e+00 -1.53031406e+01]
 [ 4.15205765e+00 -2.01534119e+01]
 [ 1.06455755e+00 -2.31317921e+01]
 [ 5.98773479e-01  1.05997314e+01]
 [ 6.46585655e+00  9.64264584e+00]
 [ 1.37832861e+01 -8.14882469e+00]
 [ 1.31962318e+01  1.34553614e+01]
 [-7.91446352e+00  1.83707638e+01]
 [ 1.18847342e+01  8.67902088e+00]
 [ 1.33127260e+01  9.26291287e-01]
 [-1.39659166e+01  7.55358267e+00]
 [-2.01576972e+00  2.00596046e+01]
 [ 2.14980412e+00  2.49878922e+01]
 [-2.63929057e+00 -4.56663275e+00]
 [ 6.74140358e+00  7.69644260e+00]
 [-1.48622692e-01 -1.70433388e+01]
 [-1.21011057e+01 -5.72144032e+00]
 [-6.12218809e+00  4.49764204e+00]
 [ 1.83185310e+01  3.05109811e+00]
 [-3.43455768e+00  1.89123116e+01]
 [ 7.14781189e+00 -1.36016951e+01]
 [ 7.67878294e-02 -1.29524889e+01]
 [ 1.50422230e+01  5.26412630e+00]
 [-1.30858564e+00  5.83899307e+00]
 [ 1.15072908e+01  5.96018600e+00]
 [-1.52084339e+00 -5.84484816e+00]
 [ 1.29899950e+01  1.10994673e+01]
 [-1.52137499e+01 -6.18172646e+00]
 [ 3.54537107e-02  2.84868407e+00]
 [ 1.83124580e+01  1.70284920e+01]
 [ 9.05482960e+00  2.89251208e+00]
 [ 1.29678192e+01  1.62767429e+01]
 [-1.93624554e+01 -1.50712550e+00]
 [ 6.21555686e-01 -4.00890923e+00]
 [ 1.36499796e+01  1.85059700e+01]
 [-1.82049141e+01 -9.38065815e+00]
 [-1.40481067e+00 -1.67570019e+01]
 [-1.27613802e+01  4.39378786e+00]
 [-1.16929317e+00 -1.36020927e+01]
 [ 1.46930065e+01  1.18938293e+01]
 [ 1.21254568e+01 -2.08435326e+01]
 [ 5.90695047e+00  2.21863995e+01]
 [-1.48474464e+01  7.79353619e+00]
 [ 2.39632130e+00 -1.78166676e+01]
 [ 5.98227739e+00  4.29266882e+00]
 [-4.35658312e+00 -1.64071045e+01]
 [-1.23610964e+01  1.97982807e+01]
 [-1.06191435e+01 -1.21270361e+01]
 [ 1.69946690e+01 -8.17608643e+00]
 [-1.98156471e+01 -3.09276056e+00]
 [ 7.07679939e+00 -1.57940397e+01]
 [-1.27725029e+01 -1.98681486e+00]
 [ 8.54185772e+00 -2.03424435e+01]
 [ 9.10460758e+00 -1.74008026e+01]
 [-6.09366894e+00  1.90971911e+00]
 [ 1.14204388e+01 -4.98100901e+00]
 [-1.51273918e+01 -9.10474110e+00]
 [ 1.45490522e+01  9.97171974e+00]
 [-1.25282030e+01  2.78638339e+00]
 [ 1.28227053e+01 -2.11176434e+01]
 [ 9.90034485e+00 -7.11103582e+00]
 [-1.94256306e+01 -5.08692360e+00]
 [-1.01429558e+01 -1.64894886e+01]
 [ 6.56734371e+00  1.34759998e+01]
 [ 5.43570137e+00 -9.52849483e+00]
 [-9.60430145e+00  1.25709209e+01]
 [ 4.31790209e+00  5.56779742e-01]
 [-4.70096397e+00  7.72612047e+00]
 [-1.63980732e+01  1.52001095e+01]
 [-9.48304081e+00 -2.56045032e+00]
 [ 6.66210711e-01 -9.59740734e+00]
 [ 1.03753643e+01 -1.74269505e+01]
 [ 8.72195625e+00  2.85915542e+00]
 [ 3.25148416e+00 -1.30086164e+01]
 [ 2.27428770e+00  2.62102604e+01]
 [ 5.87194443e+00  2.53563824e+01]
 [ 8.28555775e+00 -1.26260185e+01]
 [-8.16220474e+00 -1.51971836e+01]
 [-1.32792492e+01  1.97865944e+01]
 [-4.77772057e-01 -1.81704597e+01]
 [-7.18911600e+00 -1.45214262e+01]
 [-6.09704781e+00  1.65228424e+01]
 [-4.35855865e+00  2.51681023e+01]
 [ 5.39197206e+00  1.16636391e+01]
 [ 1.78966117e+00  6.39117718e+00]
 [-2.61872792e+00  2.75884018e+01]
 [ 4.36399698e+00  1.77685089e+01]
 [ 8.86450195e+00  1.46207590e+01]
 [ 1.80748892e+00  1.34206080e+00]
 [-7.75461435e+00  2.18269615e+01]
 [-5.01398325e+00  1.44019146e+01]
 [ 1.17450838e+01  1.27716436e+01]]